-112.927104553 22265 -112.92710455322265 45.80250747064839 -112.91022105954744 45.78546857105001 754 -1.00920460695 -68.1640466936
-112.91292788 13163 -112.91292788013163 46.00423350461791 -112.89079043566528 45.995571810553756 754 -0.391268923444 1.82491377006
-112.91022106 54744 -112.91022105954744 45.78546857105001 -112.87843336544427 45.78604834610068 754 0.0182389779134 47.8448355992
-112.899913386 18785 -112.89991338618785 47.91077226919224 -112.84702311396802 47.72469860386844 766 -3.51810753687 -349.283263927
-112.890790436 66528 -112.89079043566528 45.995571810553756 -112.88513248338643 46.005990130291764 754 1.84135871505 253.868012628
-112.885132483 38643 -112.88513248338643 46.005990130291764 -112.88359440415445 46.014976847828244 754 5.84281833448 705.573311894
-112.883594404 15445 -112.88359440415445 46.014976847828244 -112.85958930402342 46.01467794016472 754 -0.0124518398962 44.6093684034
-112.878433365 44427 -112.87843336544427 45.78604834610068 -112.86224669582475 45.77493964896612 754 -0.686286765325 -31.6809265632
-112.869655634 45631 -112.86965563445631 46.027536738171975 -112.85980924516264 46.045162899460806 754 1.79011419954 248.077109987
-112.869655634 45631 -112.86965563445631 46.027536738171975 -112.85958930402342 46.01467794016472 754 -1.27740670674 -98.152918357
-112.862246696 82475 -112.86224669582475 45.77493964896612 -112.84056686214268 45.77915535649422 754 0.194452945992 67.7213360103
-112.859809245 16264 -112.85980924516264 46.045162899460806 -112.77716502099577 46.04463317186721 754 -0.00640973521062 45.3217614063
-112.847023114 96802 -112.84702311396802 47.72469860386844 -112.73268735285808 47.67607935406681 766 -0.425232222444 -0.261491831096
-112.840566862 14268 -112.84056686214268 45.77915535649422 -112.79308732173172 45.75789491116693 754 -0.447781194664 -4.74872847955
-112.802966768 62686 -112.80296676762686 47.16990908340176 -112.7929245770751 46.833293024746524 766 -33.5201823666 -3734.00610846
-112.793087322 73172 -112.79308732173172 45.75789491116693 -112.76103839221139 45.75156621461348 754 -0.197469826549 23.4846635219
-112.792924577 0751 -112.7929245770751 46.833293024746524 -112.53431671269522 46.82726480176001 766 -0.023310284863 44.2040578223
-112.778731431 06046 -112.77873143106046 46.136513000683166 -112.6795540705258 46.13598207032598 754 -0.00535334227816 45.5327698496
-112.778731431 06046 -112.77873143106046 46.136513000683166 -112.77716502099577 46.04463317186721 754 -58.6563064726 -6569.04732141
-112.76149342 63867 -112.76149341963867 45.73402621532189 -112.76103839221139 45.75156621461348 754 38.5471253819 4392.36545132
-112.76149342 63867 -112.76149341963867 45.73402621532189 -112.74546895487845 45.722237329440475 754 -0.735680477184 -37.2224030716
-112.745468955 87845 -112.74546895487845 45.722237329440475 -112.73630273646273 45.694249451706945 754 -3.0533723357 -298.531658553
-112.736302736 46273 -112.73630273646273 45.694249451706945 -112.71247713556875 45.67855501304426 754 -0.658721630255 -28.5675916757